2.50971 -0.598423 0.05475
8.35364 -0.705025 0.0599765
8.39967 -0.206313 0.0411078
14.26 -0.871887 0.0475459
21.6684 0.736386 0.127606
23.4535 -0.541424 0.0862969
27.859 -1.54045 0.0501968
29.8983 -1.62858 0.0810246
32.0599 -1.2035 0.158563
33.9986 0.708663 0.0337345
40.8225 -0.152408 0.015612
41.08 -0.765374 0.165707
41.4288 -0.768008 0.026359
41.7464 1.10993 0.0863235
43.8346 -1.12837 0.0241927
44.0512 -1.35276 0.0217365
45.7902 -0.839573 0.0943951
62.5354 -0.0586173 0.0331716
62.7542 0.831867 0.0324032
68.606 0.96225 0.0277397
69.0835 -1.32904 0.0180598
78.4263 0.977529 0.0676257
79.0517 -0.0319449 0.0849423
79.7712 0.273506 0.162557
82.1364 -0.354273 0.0497633
83.0137 0.819875 0.0349265
85.7744 -0.410772 0.0657278
86.5446 1.57038 0.0252986
89.9457 2.60771 0.0472593
92.7809 1.22496 0.072989
101.248 -1.03863 0.0533011
108.337 0.123313 0.0138533
108.789 0.882171 0.179589
110.075 0.0251452 0.0877868
110.664 -1.68836 0.0651393
113.991 0.450683 0.093919
114.607 1.03221 0.201597
115.628 0.0998546 0.133565
118.682 -0.249539 0.0742708
120.383 -2.38261 0.0452677
121.047 -1.24107 0.030555
121.499 -0.306593 0.061401
133.494 -1.17878 0.0408377
134.375 0.44535 0.0618322
134.942 0.582843 0.0322326
135.155 0.520414 0.0342169
142.385 0.818896 0.127792
153.789 -0.339489 0.067867
156.576 -0.715339 0.0418022
156.692 0.904315 0.0258435
162.029 0.62905 0.0227682
162.628 0.895742 0.0779417
170.236 1.01883 0.0311153
176.563 1.94701 0.0175314
181.094 -0.267748 0.129625
182.061 -0.217626 0.0357861
182.468 0.125055 0.0241977
186.21 -1.17379 0.0521433
186.938 -0.58981 0.155798
188.425 0.23759 0.0727048
189.709 -0.400121 0.0370748
191.426 1.2686 0.0184493
208.238 -2.00264 0.028243
212.452 1.92178 0.028417
213.69 1.59134 0.0563266
214.042 0.520611 0.0582267
216.369 0.730851 0.0110645
221.251 -0.827481 0.0390219
225.057 1.4085 0.0646728
226.563 -1.68683 0.0364355
228.627 -1.231 0.0425142
233.29 0.463982 0.046707
234.437 0.126183 0.0309878
241.101 1.56297 0.0170838
241.417 1.05912 0.0294475
245.135 0.0481818 0.0119731
248.081 -0.854418 0.034705
258.855 -1.09237 0.0590421
259.383 0.521783 0.0237554
261.684 1.04196 0.0942339
269.957 -0.506506 0.086522
270.308 1.02377 0.0321696
272.622 -0.854033 0.0412863
273.023 -1.02737 0.0539126
273.579 0.264579 0.0266543
276.521 0.811417 0.022691
284.725 -1.16592 0.0682771
284.794 0.563635 0.176792
287.551 -0.972549 0.0283872
288.674 0.966826 0.02349
299.637 0.584083 0.0354178
301.556 1.39568 0.094628
303.374 -0.975823 0.0580219
308.524 0.31382 0.0501029
313.278 -1.66717 0.0514868
313.962 -0.646151 0.0303991
317.355 0.286485 0.0548089
317.632 0.970111 0.0300591
321.83 -0.258423 0.168861
324.705 0.668275 0.0950119
327.649 -1.30479 0.102763
332.948 0.00337122 0.0221092
342.728 0.80358 0.112407
353.755 -0.337875 0.14299
354.225 -1.43937 0.0380364
360.66 -1.11681 0.0308953
363.239 0.140005 0.0764608
363.53 0.136723 0.0439061
368.234 -0.924286 0.0179436
369.277 -0.790984 0.0376038
370.849 0.505342 0.0329375
376.199 0.991166 0.0157029
379.472 -0.0666492 0.113726
383.047 1.18135 0.0480431
388.179 1.8903 0.064011
389.162 0.649391 0.0691158
402.921 -0.594471 0.0268891
415.704 0.19783 0.0484393
419.705 -1.5981 0.0199154
422.262 -0.346561 0.0362902
424.763 -0.729254 0.169077
427.243 -0.976258 0.0295533
432.589 -0.867269 0.0538459
436.084 -0.192519 0.0335335
443.694 -1.00934 0.0475786
445.803 0.370798 0.0391323
445.949 1.5356 0.0474016
446.94 -2.10679 0.040743
450.743 0.180865 0.0313737
453.827 -0.166611 0.0267991
454.08 1.36008 0.0780189
457.214 -0.147125 0.0941051
460.97 0.079171 0.0267164
462.91 -0.26665 0.0583237
466.719 1.671 0.0965152
469.49 -1.28676 0.0334265
471.135 0.790694 0.0236237
476.019 -0.456091 0.027015
476.876 0.527494 0.0123044
482.105 1.09041 0.0260195
484.155 1.90809 0.0705721
486.093 -0.358357 0.0560709
508.903 1.24117 0.0290034
509.271 -0.255302 0.138585
511.836 1.45878 0.0314708
514.302 1.18949 0.088818
515.615 1.16027 0.0264457
515.808 1.76925 0.0237922
516.795 0.107269 0.0110659
522.32 -0.19965 0.0369592
533.296 -1.27148 0.0428326
534.77 -0.310099 0.102606
539.986 -1.64472 0.0436588
542.574 -0.617183 0.0267268
546.184 0.244185 0.0599366
549.582 0.756012 0.0522105
557.854 1.41317 0.0279184
562.625 0.365597 0.0312941
563.533 -0.0964722 0.0254966
564.646 -0.0680408 0.0913201
573.632 1.41799 0.0132623
573.921 -0.516789 0.110153
574.961 0.558668 0.0214654
575.451 -1.3892 0.0612578
578.835 -1.07122 0.0383207
579.055 -1.12922 0.013851
590.665 -0.543901 0.0475081
600.207 -0.889931 0.0269627
629.175 -0.83863 0.0254757
638.276 0.654475 0.0320546
641.914 0.388811 0.0400092
649.648 -0.624692 0.0147995
659.37 1.27586 0.14838
664.12 -0.601132 0.0423455
665.432 0.435983 0.0314581
668.045 1.15953 0.0745325
670.023 -0.253212 0.0439056
682.597 -0.126402 0.0602943
683.3 -0.197336 0.0436742
686.174 1.24867 0.0934748
694.464 -0.879886 0.030939
701.278 0.397523 0.0317803
707.339 0.452893 0.0925686
710.646 -0.951099 0.0991675
711.964 1.24302 0.0967824
714.341 -1.11636 0.0426619
715.419 -2.21958 0.0123785
715.713 -1.21899 0.0243212
727.68 -1.03452 0.16219
733.794 -1.14218 0.0382982
735.477 1.1871 0.0334679
742.976 0.196243 0.085715
744.598 -0.492966 0.0133822
745.22 -0.767439 0.0784709
748.887 0.306066 0.0355756
750.096 0.920036 0.0329144
761.021 -0.213831 0.0147501
776.264 1.71139 0.0923948
785.547 -0.219504 0.101508
787.369 -0.252403 0.147385
789.918 -1.21778 0.0307614
791.897 1.44181 0.0307349
798.222 0.20296 0.0169845
798.716 0.0738859 0.0465252
802.877 1.18277 0.0378084
803.654 -1.28154 0.109927
804.315 -0.220565 0.0233805
806.238 1.18675 0.0528177
808.506 0.209618 0.0139197
817.142 -0.215816 0.0494116
823.969 -2.17485 0.0223188
824.486 -0.61106 0.00870845
826.172 -1.5201 0.0674091
833.753 1.0254 0.0387006
843.589 0.646138 0.0730357
843.617 1.15642 0.06573
854.047 -1.44923 0.0726638
854.628 0.417019 0.0272084
854.711 0.556655 0.0611644
858.929 0.64161 0.0214899
866.721 -1.35312 0.0607331
869.226 0.141078 0.0300695
870.168 0.261694 0.107951
872.67 0.808107 0.0982581
882.21 0.117527 0.11586
882.416 1.03994 0.0322709
884.282 0.946162 0.0292532
888.152 2.73673 0.0292894
890.428 -0.0118543 0.0123296
896.498 -1.92103 0.020616
898.693 -1.2704 0.0243106
901.632 -1.48071 0.0777539
902.082 1.46 0.0667791
902.867 -1.31391 0.0919515
906.452 0.356482 0.172678
910.601 0.214892 0.0136431
919.382 -1.66187 0.0234366
922.85 0.44929 0.0440802
927.334 -1.11749 0.0125793
928.749 0.0576739 0.0552972
929.193 0.810453 0.0624225
930.335 -0.32375 0.0563644
938.518 0.310254 0.0329688
940.761 0.30237 0.146337
944.895 -0.437832 0.0218286
945.587 -0.350194 0.0295334
950.971 -0.83815 0.0538998
951.075 -0.158831 0.0519245
953.236 0.24887 0.0382399
953.299 1.41517 0.0601854
954.277 0.404796 0.056381
956.796 -0.54927 0.0366239
963.108 0.505889 0.0439254
964.318 0.224393 0.0600349
966.088 0.077371 0.0433142
966.624 0.369358 0.115152
968.744 0.918427 0.030123
968.914 0.997913 0.0529257
973.67 -0.843087 0.0319002
975.238 -1.84642 0.0436356
977.635 -0.111347 0.0598915
978.187 -0.219088 0.00987213
985.548 -0.374238 0.0652246
992.225 -0.082557 0.0292489
998.218 -0.447741 0.0597991
1002.88 1.37949 0.0454005
1005.58 -0.157478 0.101818
1031.53 -0.392556 0.061673
1034.66 0.985106 0.0335757
1034.72 -0.12953 0.018064
1046.6 0.436648 0.0898148
1046.7 1.97127 0.0693252
1047.03 -1.23647 0.0150003
1052.99 0.15969 0.0462893
1057.99 -1.64682 0.0959834
1059.12 0.31384 0.0843002
1065.94 2.17363 0.043557
1067.15 -1.32099 0.0308266
1068.11 -1.20324 0.0478882
1079.4 0.0294826 0.0136854
1081.27 0.195433 0.0263268
1084.15 -0.0185899 0.0363175
1088.13 1.00842 0.0159074
1095.4 0.765517 0.0566033
1105.77 -0.585943 0.0391835
1107.74 -1.04285 0.0244974
1115. -0.0440977 0.146821
1117.81 0.0851719 0.0404892
1122.15 -1.50304 0.0813827
1131.36 -0.406604 0.101317
1133.26 0.392403 0.117476
1138.28 -0.394353 0.0301371
1148.99 0.438294 0.0484348
1153.25 2.10413 0.0161284
1156.23 -0.123339 0.081185
1156.24 0.44666 0.0440355
1157.12 0.0339804 0.0539581
1157.84 -1.13457 0.119104
1159.18 -1.29748 0.0794667
1163.87 -0.143368 0.0370213
1167.91 -0.412017 0.0178548
1170.64 -0.513022 0.100491
1173.5 0.353367 0.0592685
1174.03 -0.634852 0.0770426
1175.68 -0.183207 0.0417404
1178.76 0.957557 0.0210094
1185.09 -0.0400847 0.0542558
1185.48 0.674899 0.0241074
1191.58 0.573906 0.0619823
1195.72 -0.535775 0.0482527
1198.88 -0.154632 0.0478013
1199.96 0.87032 0.06063
1200.62 -1.19961 0.0224998
1206.62 -2.08454 0.0184824
1211.75 -0.759732 0.0263855
1211.97 0.272782 0.0248587
1219.3 1.58543 0.0411562
1219.78 0.632346 0.0295328
1231.8 -0.780298 0.0844988
1234.89 -0.907945 0.0425928
1236.51 -0.222065 0.0750758
1237.9 1.06384 0.0300463
1242.23 0.053842 0.0147417
1245.37 0.73642 0.0384354
1246.02 0.449626 0.0667255
1247.92 -0.785416 0.0401042
1252.32 1.48708 0.192605
1261.53 0.073775 0.119807
1264.32 0.924069 0.0358012
1264.37 1.09299 0.126495
1266.88 0.371632 0.034447
1267.1 0.556473 0.109323
1270.1 0.0626125 0.0672872
1272. 1.1893 0.032039
1273.93 0.849645 0.0210659
1276.23 -0.58207 0.0140647
1278.92 -1.55212 0.091132
1280.03 0.678593 0.0126908
1280.06 -0.594394 0.0531739
1284.4 -0.475654 0.0204481
1288.39 1.72891 0.0458396
1288.44 1.3667 0.0176012
1288.74 -1.23649 0.0673603
1292.95 -2.20372 0.0662526
1305.57 -0.963062 0.0201558
1311.02 -0.0282006 0.0808292
1313.73 0.850923 0.0128652
1313.75 -2.03975 0.0619972
1317.23 0.684376 0.0307067
1324.21 0.523657 0.0226332
1325.65 -0.665824 0.0589158
1326.56 -1.22541 0.0355785
1327.84 -0.557485 0.0347001
1331.9 -1.74504 0.0114512
1333.73 1.11305 0.0310154
1335.01 2.4616 0.0291505
1335.79 0.696254 0.131958
1338.51 -0.659009 0.0584276
1343.75 0.519686 0.0814015
1343.78 -0.232523 0.199541
1346.56 1.45183 0.0451982
1350.05 -0.0493582 0.0341538
1352.16 0.388424 0.0678583
1356.01 -0.839126 0.0484684
1364.04 1.45679 0.0256361
1367.09 0.160781 0.149483
1369.83 0.892626 0.0670829
1370.34 -1.73268 0.0312064
1371.69 -0.693806 0.0598639
1374.66 1.44433 0.0770922
1377.79 -0.386417 0.0776236
1380.75 -0.230926 0.0432713
1394.99 -1.15537 0.0305636
1396.67 -1.2679 0.0324063
1397.53 -0.151756 0.192789
1398.31 -0.639096 0.0897516
1401.04 -0.682585 0.0734598
1401.28 0.390645 0.0380438
1402.95 0.196299 0.0338696
1408.78 0.880283 0.0323737
1410.59 -1.05611 0.114593
1410.59 -0.17105 0.0537279
1411.23 -0.402288 0.0683782
1413.08 -1.42182 0.0249461
1416.11 1.33095 0.0364131
1420.06 0.611554 0.0342275
1422.21 0.907749 0.0371097
1424.4 -0.6626 0.0460466
1425.1 -0.802272 0.0507586
1426.49 1.33785 0.0905182
1427.79 0.291411 0.138866
1427.82 1.34229 0.0393216
1430.17 0.0148594 0.0354161
1430.47 2.2365 0.0539942
1432.59 0.395241 0.0421197
1432.82 -1.11983 0.0709706
1433.89 -1.10175 0.0273051
1436.23 -0.754286 0.0265209
1436.67 -1.5932 0.0774863
1439.34 -1.15484 0.0155453
1440.92 0.880191 0.0442299
1441.76 -2.8373 0.038507
1442.95 -1.93091 0.0515933
1445.16 -1.26963 0.0290465
1449.45 0.713376 0.0461642
1461.51 -1.35226 0.0665227
1477.72 -0.160598 0.0528818
1480.09 1.81218 0.0558448
1481.24 -1.50845 0.010821
1485.4 0.719416 0.05242
1487.18 0.492604 0.0288538
1487.6 -1.67031 0.0283386
1488.97 -0.827986 0.0688215
1490.59 -0.693925 0.0337186
1490.79 1.42061 0.0270878
1491.15 -1.14462 0.119039
1495.32 0.388078 0.0581081
1502.93 -1.45593 0.0937194
1506.04 -2.45864 0.0405309
1506.52 -0.0121853 0.00608061
1511.54 1.13098 0.154872
1513.27 -0.59534 0.0743249
1517. 1.32915 0.0412097
1521.92 1.91412 0.0103302
1522.48 1.53594 0.0422749
1523.85 1.32682 0.053802
1524.7 1.02055 0.0340628
1525.41 0.411028 0.0548601
1527.91 -0.450801 0.0222149
1541.17 -0.187882 0.0323397
1543.6 -0.710434 0.0962665
1545.94 0.962821 0.0695912
1549.56 0.418105 0.024358
1554.18 -0.0937427 0.0733596
1554.47 0.25882 0.119747
1561.89 0.747415 0.0236137
1568.67 -1.67036 0.0850981
1577.98 -0.597486 0.0903087
1578.98 0.453353 0.0208164
1579.15 -1.02296 0.0445362
1579.56 -0.821652 0.0562979
1595.84 0.381464 0.0705488
1601.58 -0.952414 0.0183385
1606.45 -0.119505 0.131922
1608.21 0.0128295 0.037064
1612.98 -0.393691 0.0496483
1617.59 0.468945 0.037564
1617.78 0.43204 0.097739
1626.17 0.713781 0.103345
1630.07 -0.503181 0.0162973
1634.35 1.06866 0.0514687
1634.7 -0.537822 0.0290373
1637.52 0.0959951 0.0375808
1641.74 -0.318325 0.309923
1642.26 -1.70099 0.131903
1642.57 0.379116 0.0419461
1645.97 -0.387234 0.0173408
1646.44 -0.594443 0.0143498
1649.88 -0.928628 0.0217539
1651.79 -0.296337 0.0581038
1654.92 0.336701 0.0339439
1654.96 0.547844 0.0321178
1660.48 -0.753921 0.0592043
1665.76 -0.992141 0.014178
1666.11 0.626674 0.0581011
1672.81 -0.424253 0.0242117
1674.1 -0.0590367 0.0478902
1681.66 -0.449985 0.0582587
1683.57 -0.190009 0.024229
1684.9 0.0468764 0.146912
1686.53 0.802311 0.0294077
1696.49 -0.702525 0.0206076
1700.78 -1.15386 0.0947996
1700.89 -0.721905 0.107779
1713.75 0.60017 0.0438413
1720.36 -0.310825 0.110138
1726.37 -1.36063 0.0574587
1732.61 -0.205955 0.0607286
1737.88 0.781565 0.0389593
1758.53 0.667082 0.0355204
1758.73 -0.291721 0.0433503
1761.36 0.966535 0.0310195
1768.29 0.121487 0.143526
1768.68 -0.412792 0.0487951
1770.21 -0.46687 0.089036
1771.68 1.22924 0.0514103
1773.81 0.9154 0.0609151
1776.89 -1.17239 0.0302658
1778.55 -0.400732 0.10776
1781.26 -0.969917 0.0202308
1783.76 -0.0186624 0.0623497
1786.81 0.0480832 0.0854108
1787.11 -0.399879 0.172788
1789.07 -0.0834284 0.0350728
1790.78 0.00782309 0.0335027
1792.93 0.857173 0.0202787
1799.51 -0.154486 0.0615351
1811.88 0.129541 0.0298054
1818.61 -0.100425 0.0215786
1821.06 -1.07539 0.0244113
